6.711405572898425653e-01,-2.522120295218089225e+00
-6.875420778185008519e-01,-3.668422558576288850e+00
-8.702480386457083217e-01,-4.057763970503093454e+00
-8.717411554397944684e-01,-3.787370744779571030e+00
2.043039887668693932e-01,-2.810230298473346711e+00
-4.291077202311477379e-02,-3.222851348479277789e+00
3.704765027691334645e-01,-2.704364295870604895e+00
2.010610330866415829e-01,-2.654110475168587335e+00
7.088823021342518516e-01,-2.178388940553310338e+00
-8.182892454090977541e-01,-3.595791414418850529e+00
-5.513653226185688538e-03,-3.153472704129886228e+00
9.443495220998203710e-01,-2.105481555373994063e+00
-3.870167659796037718e-01,-3.315052258021676579e+00
-4.389430219251317933e-01,-3.431876310625519899e+00
2.686029254663540033e-01,-2.481538039787679839e+00
-4.979252693340363578e-02,-3.071833426717405668e+00
6.637286978295966478e-01,-2.284475883022218046e+00
4.011029303262123591e-01,-2.608738778870846264e+00
-1.940923629722732802e-01,-3.173795658263406150e+00
4.479146467068118032e-01,-2.548978947506110870e+00
4.497878357378950476e-01,-2.346340506221112676e+00
5.416101204044789785e-01,-2.227936978826841496e+00
6.936397004019687618e-01,-2.507312158671330504e+00
8.936406673009662516e-01,-1.870562225011530355e+00
2.205854268535587526e-01,-2.574790637016819428e+00
9.904293873409049098e-01,-1.838886856725610475e+00
4.932306611584327261e-01,-2.438520602938355264e+00
-2.849927191456176345e-01,-3.515373481592287241e+00
-6.689675239650376692e-01,-3.449709204386314454e+00
8.457211760698899461e-01,-2.339512858095457393e+00
7.498895080983087880e-01,-2.394954372466754577e+00
1.867143277083869179e-01,-2.897948016092526835e+00
2.371551748841282947e-01,-2.974835062325571045e+00
8.526790082440782736e-01,-2.171250051564495021e+00
4.977077786361527867e-01,-2.696868665073288263e+00
-6.117707880656662045e-01,-3.400242896250559532e+00
-6.075425510490732872e-01,-3.543757676331086959e+00
-4.557087386397689066e-01,-3.474652420230357475e+00
-4.036282322881312723e-01,-3.446318795678503299e+00
8.840935217279066727e-01,-2.081797515160598522e+00
7.831294503166805754e-01,-2.270344105722484684e+00
-8.816272700194514034e-01,-3.704863312973107004e+00
5.436160888941092839e-01,-2.558731987587365975e+00
4.339105400372427201e-01,-2.330933846947627952e+00
3.328559837762001816e-01,-2.895913207036415749e+00
3.948673202243233593e-01,-2.731090997219414174e+00
-9.535518463011347645e-01,-3.896503811242644666e+00
-9.860968882078118281e-01,-4.051433367496437121e+00
8.478873933799624396e-01,-2.148583510092061832e+00
-3.735686978193935026e-01,-3.576534512605491045e+00
-4.575246875111478317e-01,-3.357967910903311370e+00
-2.663921231804062817e-01,-3.032536041639621427e+00
5.280025475421923353e-01,-2.409416643521795631e+00
-2.504443580361970234e-02,-3.182189505237806859e+00
-8.723295963162702726e-01,-3.896941243875113425e+00
-9.774546841308948686e-01,-3.798942913462961091e+00
-8.236072507399241349e-01,-4.070600008182370999e+00
-7.639977303519043250e-01,-3.871458725041411864e+00
7.335192459066457449e-01,-2.314935568401415455e+00
-6.595524800557353018e-01,-3.834482353555114020e+00
7.319885946920317021e-01,-2.074313855808729290e+00
3.367656273041437220e-01,-2.603644564512641146e+00
1.136677286034035728e-01,-3.023583770868178977e+00
7.679627142180061039e-01,-2.213311759781443122e+00
2.453438485226318022e-01,-2.815411045231104747e+00
-7.229960430454642761e-01,-3.507221625503776252e+00
4.054178557447991604e-01,-2.756099141346492587e+00
-4.364160439430966321e-01,-3.408386534821661318e+00
-3.764415032959509411e-01,-3.161765872903710139e+00
-2.684783584315473259e-01,-3.049370614226634579e+00
7.931597324694570350e-01,-2.077362244505006839e+00
3.375541118826335119e-01,-2.781628907792955463e+00
-2.387819892163165481e-01,-3.130560201603276305e+00
-4.073535739576286119e-01,-3.468243630844749958e+00
-7.133577230057723817e-01,-3.897064176178408612e+00
5.913879312557921430e-01,-2.645212847485352903e+00
-8.992741434015032453e-01,-3.699056039694617048e+00
3.729680749323462940e-01,-2.796620464869545852e+00
8.050133333617035536e-01,-2.059234742015437547e+00
3.531720085634231232e-01,-2.650434255770106606e+00
3.536814398791547909e-01,-2.587285946907201151e+00
5.005227631610087435e-02,-2.767746707099932202e+00
8.300169254331646318e-01,-2.333364438525549645e+00
7.743909861748594636e-01,-2.100956283897677856e+00
-2.407424328072045316e-01,-3.147351784004611908e+00
-1.691138233914779576e-02,-3.101898103384186811e+00
-7.332128665769530595e-01,-3.736421530217863385e+00
1.775573119811768574e-01,-2.764114568132028715e+00
-7.668599578772663516e-01,-3.566159511115982728e+00
6.781412739892394015e-01,-2.082379897598757523e+00
-9.939763419842506664e-01,-4.242383589594791005e+00
-7.091891146209228225e-01,-3.728629892135441271e+00
1.160216239724540799e-01,-2.742052601186880434e+00
4.831548905154805507e-01,-2.577417687502062460e+00
8.726157188189662683e-01,-1.960752705332914125e+00
4.778135643458056858e-01,-2.716845520946312043e+00
9.024815599254796261e-01,-1.962620252508055163e+00
9.267407692979783285e-01,-1.992617959177005460e+00
-6.808863691472628599e-01,-3.626536853713069775e+00
4.831461528298823804e-01,-2.686030428818127369e+00
